2 0.176116 0.107955 0.042622 0.037500
2 0.152996 0.141193 0.058303 0.033523
2 0.132690 0.439205 0.023321 0.561364
3 0.946924 0.101989 0.035384 0.031250
2 0.590671 0.061648 0.529152 0.032386
9 0.307398 0.722443 0.025332 0.090341
9 0.478287 0.746307 0.278649 0.043750
9 0.727583 0.746875 0.231202 0.042614
9 0.871532 0.556818 0.029353 0.288636
9 0.871733 0.297159 0.029755 0.248864
9 0.704865 0.109375 0.275834 0.038068
9 0.454765 0.109943 0.232409 0.039205
9 0.324085 0.108523 0.064335 0.039773
9 0.306996 0.301705 0.026136 0.254545
9 0.307197 0.579261 0.025734 0.311932