0 0.813352 0.042823 0.210795 0.049457
3 0.444034 0.257539 0.057386 0.190993
3 0.178409 0.257137 0.052273 0.273020
3 0.551136 0.562927 0.051136 0.125452
2 0.429545 0.551669 0.159091 0.030559
2 0.438636 0.670084 0.110227 0.032569
2 0.199148 0.813028 0.116477 0.032167
2 0.236080 0.581624 0.099432 0.022919
1 0.630398 0.789908 0.533523 0.109771
4 0.795170 0.309007 0.376705 0.243265
4 0.796023 0.556695 0.378409 0.240852
2 0.327273 0.089867 0.180682 0.038199
5 0.187500 0.614998 0.120455 0.041415
5 0.198864 0.778247 0.115909 0.046240