1 0.815026 0.780458 0.262948 0.131082
4 0.897410 0.369522 0.193227 0.607961
2 0.649687 0.157821 0.119522 0.033374
0 0.930563 0.044833 0.105293 0.051066
2 0.267359 0.101327 0.145418 0.024125
3 0.075128 0.517893 0.023335 0.786490
3 0.094764 0.515078 0.020489 0.691596
3 0.114257 0.517893 0.020205 0.509851
3 0.132897 0.518295 0.017075 0.323281
3 0.153813 0.559912 0.020774 0.184560
3 0.364115 0.516888 0.021912 0.357459
2 0.342203 0.921190 0.055492 0.031363
2 0.628628 0.666466 0.022197 0.351830
2 0.629909 0.856253 0.027035 0.045436
2 0.583665 0.896462 0.033011 0.025332
2 0.558480 0.294532 0.025327 0.150784
2 0.347610 0.321271 0.043540 0.023321
3 0.411070 0.234821 0.023051 0.024930
6 0.259533 0.637917 0.059192 0.026940
5 0.348036 0.867310 0.046670 0.038601
5 0.349602 0.716325 0.050370 0.055086
5 0.530165 0.851830 0.038702 0.154805
5 0.560046 0.921391 0.042686 0.051066
2 0.563318 0.507238 0.066875 0.029353
5 0.572567 0.472658 0.029596 0.066345
6 0.567587 0.135706 0.048662 0.026136
7 0.315026 0.604946 0.068867 0.045436
7 0.315737 0.597507 0.068583 0.027342
8 0.151537 0.546441 0.015083 0.051468
8 0.075270 0.499598 0.014513 0.047045
8 0.683267 0.158223 0.033580 0.022115