2 0.408807 0.676719 0.096023 0.025734
2 0.339773 0.642541 0.151136 0.026538
2 0.376705 0.618215 0.070455 0.017290
2 0.360511 0.056092 0.085795 0.023723
0 0.818750 0.041616 0.202273 0.040611
2 0.459375 0.222959 0.090341 0.026136
3 0.212784 0.339566 0.036932 0.498995
3 0.274148 0.339968 0.027841 0.362284
3 0.527273 0.339164 0.032955 0.299558
3 0.572727 0.339365 0.036364 0.426216
3 0.618466 0.339365 0.035795 0.430237
1 0.630682 0.802171 0.517045 0.045034
5 0.498011 0.570366 0.057386 0.071170
5 0.388636 0.558504 0.046591 0.028951
5 0.342045 0.545637 0.062500 0.061118
5 0.339489 0.559912 0.060795 0.027744
5 0.505114 0.124246 0.044318 0.069964
6 0.485795 0.074588 0.080682 0.021311
3 0.268750 0.338561 0.027273 0.023321
3 0.212216 0.339365 0.022159 0.023321